-0.933439,2.70512,-0.889105,2.48345
-0.88911,2.4835,-0.84477,2.38
-0.84477,2.38,-0.84477,2.1879
-0.84477,2.1879,-0.80044,2.0106
-0.80044,2.0106,-0.69699,1.7298
-0.69699,1.7298,-0.69699,1.6411
-0.69699,1.6411,-0.68221,1.5229
-0.68221,1.5229,-0.6231,1.449
-0.6231,1.449,-0.59355,1.3603
-0.59355,1.3603,-0.51966,1.3012
-0.51966,1.3012,-0.3571,1.1239
-0.3571,1.1239,-0.15021,0.9761
-0.15021,0.9761,-0.076321,0.90222
-0.076321,0.90222,0.26357,0.87266
0.26357,0.87266,0.44091,0.81355
0.44091,0.81355,0.69213,0.82833
0.69213,0.82833,0.7808,0.96133
0.7808,0.96133,1.2832,1.5377
1.2832,1.5377,1.3867,1.7741
1.3867,1.7741,1.3867,2.0697
1.3867,2.0697,1.4458,2.3504
1.4458,2.3504,1.2685,2.7051
1.2685,2.7051,1.165,2.9268
1.165,2.9268,1.0172,3.2667
1.0172,3.2667,0.9138,3.4736
0.9138,3.4736,0.82513,3.8282
0.82513,3.8282,0.72169,4.242
0.72169,4.242,0.72169,4.5967
0.72169,4.5967,0.70691,4.9957
0.70691,4.9957,0.72169,5.4686
0.72169,5.4686,0.67735,5.7198
0.67735,5.7198,0.86946,5.7937
0.86946,5.7937,0.98769,6.0154
0.98769,6.0154,1.0616,6.3405
1.0616,6.3405,1.1502,6.9316
1.1502,6.9316,1.2389,7.3897
1.2389,7.3897,1.2241,7.7
1.2241,7.7,1.1059,8.0991
1.1059,8.0991,0.92858,8.3651
0.92858,8.3651,0.73646,8.4242
0.73646,8.4242,0.24879,8.3946
0.24879,8.3946,-0.12065,8.3059
-0.12065,8.3059,-0.23888,8.1877
-0.23888,8.1877,-0.46055,7.966
-0.46055,7.966,-0.51966,7.8626
-0.51966,7.8626,-0.63788,7.7887
-0.63788,7.7887,-0.72655,7.567
-0.72655,7.567,-0.7561,7.3602
-0.7561,7.3602,-0.90388,7.0646
-0.90388,7.0646,-0.88911,6.8873
-0.88911,6.8873,-0.90388,6.7247
-0.90388,6.7247,-0.91866,6.5917
-0.91866,6.5917,-0.93344,6.4439
-0.93344,6.4439,-0.94822,6.2075
-0.94822,6.2075,-0.96299,6.0301
-0.96299,6.0301,-0.96299,5.7789
-0.96299,5.7789,-0.94822,5.572
-0.94822,5.572,-0.88911,5.4095
-0.88911,5.4095,-0.87433,5.2174
-0.87433,5.2174,-0.82999,5.0252
-0.82999,5.0252,-0.90388,4.8036
-0.90388,4.8036,-0.88911,4.5967
-0.88911,4.5967,-0.90388,4.4194
-0.90388,4.4194,-0.90388,4.1386
-0.90388,4.1386,-0.88911,3.9317
-0.88911,3.9317,-0.94822,3.6805
-0.94822,3.6805,-0.97777,3.3849
-0.97777,3.3849,-0.96299,3.2223
-0.96299,3.2223,-0.96299,3.0302
-0.96299,3.0302,-0.94822,2.8972
-0.94822,2.8972,-0.93344,2.7051
-2.83979,5.35036,-2.79545,5.04003
-2.7955,5.04,-2.8102,4.7888
-2.8102,4.7888,-2.8102,4.6262
-2.8102,4.6262,-2.8102,4.3898
-2.8102,4.3898,-2.8102,4.1534
-2.8102,4.1534,-2.8693,3.7839
-2.8693,3.7839,-2.8546,3.5918
-2.8546,3.5918,-2.8398,3.2962
-2.8398,3.2962,-2.8398,3.0598
-2.8398,3.0598,-2.8398,2.7199
-2.8398,2.7199,-2.8398,2.3948
-2.8398,2.3948,-2.8398,1.981
-2.8398,1.981,-2.8102,1.6559
-2.8102,1.6559,-2.7216,1.3603
-2.7216,1.3603,-2.6477,1.1091
-2.6477,1.1091,-2.5442,0.79877
-2.5442,0.79877,-2.4703,0.53277
-2.4703,0.53277,-2.3226,0.3111
-2.3226,0.3111,-2.1748,0.1781
-2.1748,0.1781,-2.0713,-0.087904
-2.0713,-0.087904,-1.7906,-0.33913
-1.7906,-0.33913,-1.5984,-0.51646
-1.5984,-0.51646,-1.3177,-0.72335
-1.3177,-0.72335,-1.0664,-0.79724
-1.0664,-0.79724,-0.84477,-0.94502
-0.84477,-0.94502,-0.46055,-1.078
-0.46055,-1.078,-0.13543,-1.1815
-0.13543,-1.1815,0.18968,-1.1815
0.18968,-1.1815,0.60346,-1.1815
0.60346,-1.1815,1.2389,-1.1519
1.2389,-1.1519,1.5197,-1.0928
1.5197,-1.0928,2.0074,-0.91547
2.0074,-0.91547,2.4211,-0.73813
2.4211,-0.73813,2.761,-0.39824
2.761,-0.39824,3.0566,-0.20613
3.0566,-0.20613,3.3078,0.13376
3.3078,0.13376,3.559,0.38499
3.559,0.38499,3.8103,0.96133
3.8103,0.96133,3.8989,1.4047
3.8989,1.4047,3.9433,1.9958
3.9433,1.9958,3.7807,2.4539
3.7807,2.4539,3.6477,2.7347
3.6477,2.7347,3.4999,3.1485
3.4999,3.1485,3.2487,3.4588
3.2487,3.4588,3.0861,3.7987
3.0861,3.7987,2.761,4.1534
2.761,4.1534,2.5541,4.5671
2.5541,4.5671,2.4064,4.8775
2.4064,4.8775,2.4064,5.3504
2.4064,5.3504,2.4719,5.7972
2.4719,5.7972,2.6245,6.1598
2.6245,6.1598,2.7772,6.5224
2.7772,6.5224,2.9489,6.885
2.9489,6.885,3.0634,7.2094
3.0634,7.2094,3.197,7.6483
3.197,7.6483,3.1779,7.8964
3.1779,7.8964,3.1779,8.2399
3.1779,8.2399,3.1398,8.6215
3.1398,8.6215,3.0634,8.8123
3.0634,8.8123,2.9299,9.0413
2.9299,9.0413,2.7772,9.423
2.7772,9.423,2.4909,9.6711
2.4909,9.6711,2.1665,9.9573
2.1665,9.9573,1.8421,10.167
1.8421,10.167,1.5368,10.339
1.5368,10.339,1.0979,10.473
1.0979,10.473,0.62081,10.549
0.62081,10.549,-0.21885,10.473
-0.21885,10.473,-1.0203,10.339
-1.0203,10.339,-1.3829,10.11
-1.3829,10.11,-1.7455,9.8047
-1.7455,9.8047,-2.0127,9.6138
-2.0127,9.6138,-2.3371,9.2513
-2.3371,9.2513,-2.3752,8.9078
-2.3752,8.9078,-2.4325,8.5833
-2.4325,8.5833,-2.4325,8.1826
-2.4325,8.1826,-2.4516,7.6864
-2.4516,7.6864,-2.547,7.0185
-2.547,7.0185,-2.6615,6.5605
-2.6615,6.5605,-2.8141,5.8736
-2.8141,5.8736,-2.8332,5.3774
